50 50
960 1280
39 39 39 39 39 39 39 39 39 39 39 39 39 39 39 39 39 39 39 39 39 39 39 39 39 39 39 39 39 39 39 39 39 39 39 39 39 39 39 39 39 39 39 39 39 39 39 39 39 39
39 39 39 39 39 39 39 39 39 39 39 39 39 39 39 39 39 39 39 39 39 39 39 39 39 39 39 39 39 39 39 39 39 39 39 39 39 39 39 39 39 39 39 39 39 39 39 39 39 39
39 39 39  7  8  9 39 39 39 39 39 39 39 39 39 39 39 39 44 45 39 39 39 39 39 39 39 39 39 39 39 39 39 39 39 39 39 39 39 39 39 39 39 39 39 39 39 39 39 39
39 39 39 17 18 19 39 39 39 39 39 39 39 39 39 39 39 39 54 55 39 39 39 39 39 39 39 39 39 39 39 40 41 39 39 39 39 39 39 39 39 39 39 39 39 39 39 39 39 39
39 39 39 27 28 29 39 39 39 39 39 39 39 39 39 39 39 39 39 39 39 39 39 39 39 39 39 39 39 39 39 50 51 39 39 39 39 39 39 39 39 39 39 39 39 39 39 39 39 39
39 39 39 39 39 39 39 39 39 39 40 41 39 39 39 39 39 39 39 39 39 39 39 39 39 39 39 39 39 39 39 39 39 39 39 39 39 39  7  8  9 39 39 39 39 39 39 39 39 39
39 39 39 39 39 39 39 39 39 39 50 51 39 39 39 39 39 39 39 39 39 39 39  7  8  9 39 39 39 39 39 39 39 39 39 39 39 39 17 18 19 39 39 39 39 39 39 39 39 39
39 39 39 39 39 39 39 39 39 39 39 39 39 39 39 39 39 39 39 39 39 39 39 17 18 19 39 39 39 39 39 39 39 39 39 39 39 39 27 28 29 39 39 39 39 39 39 39 39 39
39 39 39 39 39 39 39 39 39 39 39 39 39 39 39 39 39 39 39 39 39 39 39 27 28 29 39 39 39 39 39 39 39 39 39 39 39 39 39 39 39 39 39 39 39 39 39 39 39 39
39 39 39 39 39 39 39 39 39 39 39 39 39 39 39 39 39 39 39 39 39 39 39 39 39 39 39 39 39 39 39 39 39 39 39 39 39 39 39 39 39 39 39 39 39 39 39 39 39 39
39 39 44 45 39 39 39 39 39 39 39 39 39 39 39 39 39 39 39 39 39 39 39 39 39 39 39 39 39 39 39 39 39 39 39 39 39 39 39 39 39 39 39 39 39 39 39 39 39 39
39 39 54 55 39 39 39 39 39 39 39 39 39 39 39 39 42 43 39 39 39 39 39 39 39 39 39 39 39 39 39 39 39 39 39 39 39 39 39 39 39 39 39 39 40 41 39 39 39 39
39 39 39 39 39 39 39 39  7  8  9 39 39 39 39 39 52 53 39 39 39 39 39 39 39 39 39 39 39 39 39 39 39 39 39 39 39 39 39 39 39 39 39 39 50 51 39 39 39 39
39 39 39 39 39 39 39 39 17 18 19 39 39 39 39 39 39 39 39 39 39 39 39 39 39 39 39 39 39 39 39 42 43 39 39 39 39 39 39 39 39 39 39 39 39 39 39 39 39 39
39 39 39 39 39 39 39 39 27 28 29 39 39 39 39 39 39 39 39 39 39 39 39 39 39 39 39 39 39 39 39 52 53 39 39 39 39 39 39 44 45 39 39 39 39 39 39 39 39 39
39 39 39 39 39 39 39 39 39 39 39 39 39 39 39 39 39 39 39 39 39 39 39 39 39 39 39 39 39 39 39 39 39 39 39 39 39 39 39 54 55 39 39 39 39 39 39 39 39 39
39 39 39 39 39 39 39 39 39 39 39 39 39 39 39 39 39 39 39 39 39 39 39 39 39 39 39 39 39 39 39 39 39 39 39 39 39 39 39 39 39 39 39 39 39 39 39 39 39 39
39 39 39 39 39 39 39 39 39 39 39 39 39 39 39 39 39 39 39 39 39 39 39 39 39 39 39 39 39 39 39 39 39 39 39 39 39 39 39 39 39 39 39 39 39 39 39 39 39 39
39 39 39 39 39 39 39 39 39 39 39 39 39 39 39 39 39 39 39 39 39 39 39 39 39 39 39 39 39 39 39 39 39 39 39 39 39 39 39 39 39 39 39 39 39 39 39 39 39 39
39 39 39 39 39 39 39 39 39 39 39 39 39 39 39 39 39 39 39 39 40 41 39 39 39 39 39 39 39 39 39 39 39 39 39 39 39 39 39 39 39 39 39 39 39 39 39 39 39 39
39 39 39 40 41 39 39 39 39 39 39 39 39 39 39 39 39 39 39 39 50 51 39 39 39 39 39 39 39 39 39 39 39  7  8  9 39 39 39 39 39 39 39 39 39 39 39 39 39 39
39 39 39 50 51 39 39 39 39 39 39 39 39 39 39 39 39 39 39 39 39 39 39 39 39 39 39 39 39 39 39 39 39 17 18 19 39 39 39 39 39 39 39 39 39 39 39 39 39 39
39 39 39 39 39 39 39 39 39 39 39 39 39 39 39 39 39 39 39 39 39 39 39 39 39 39 39 39 39 39 39 39 39 27 28 29 39 39 39 39 39 39 39 40 41 39 39 39 39 39
39 39 39 39 39 39 39 39 39 39 39 39 39 39 39 39 39 39 39 39 39 39 39 39 39 39 39 39 39 39 39 39 39 39 39 39 39 39 39 39 39 39 39 50 51 39 39 39 39 39
39 39 39 39 39 39 39 39 39 39 39 39 42 43 39 39 39 39 39 39 39 39 39 39 39 39 39 39 39 39 39 39 39 39 39 39 39 39 39 39 39 39 39 39 39 39 39 39 39 39
39 39 39 39 39 39 39 39 39 39 39 39 52 53 39 39 39 39 39 39 39 39 39 39 39 39 39 39 39 39 39 39 39 39 39 39 39 39 39 39 39 39 39 39 39 39 39 39 39 39
39 39 39 39 39 39 39 39 39 39 39 39 39 39 39 39 39 39 39 39 39 39 39 39 39 39 39 39 39 39 39 39 39 39 39 39 39 39 39 39 39 39 39 39 39 44 45 39 39 39
39 39 39 39 39 39 39 39 39 39 39 39 39 39 39 39 39 39 39 39 39 39 39 39 39 39 39 39 39 39 39 39 39 39 39 39 39 39 39 39 39 39 39 39 39 54 55 39 39 39
39 39 39 39 39 39 39 39 39 39 39 39 39 39 39 39 39 39 39 39 39 39 39 39 39 39 39 39 39 39 39 39 39 39 39 39 39 39 39 39 39 39 39 39 39 39 39 39 39 39
39 39 39 39 39 39 39 39 39 39 39 39 39 39 39 39 39 39 39 39  7  8  9 39 39 39 39 39 39 39 39 39 39 39 39 39 39 39 39 39 39 39 39 39 39 39 39 39 39 39
39 39 39 39  7  8  9 39 39 39 39 39 39 39 39 39 39 39 39 39 17 18 19 39 39 39 39 39 39 39 39 39 39 39 39 39 39 39 39  7  8  9 39 39 39 39 39 39 39 39
39 39 39 39 17 18 19 39 39 39 39 39 39 39 39 39 39 39 39 39 27 28 29 42 43 39 39 39 39 39 40 41 39 39 39 39 39 39 39 17 18 19 39 39 39 39 39 39 39 39
39 39 39 39 27 28 29 39 39 39 39 39 39 39 39 39 39 39 39 39 39 39 39 52 53 39 39 39 39 39 50 51 39 39 39 39 39 39 39 27 28 29 39 39 39 39 39 39 39 39
39 39 39 39 39 39 39 39 39 39 39 39 40 41 39 39 39 39 39 39 39 39 39 39 39 39 39 39 39 39 39 39 39 39 39 39 39 39 39 39 39 39 39 39 39 39 39 39 39 39
39 39 39 39 39 39 39 39 39 39 39 39 50 51 39 39 39 39 39 39 39 39 39 39 39 39 39 39 39 39 39 39 39 39 39 39 39 39 39 39 39 39 39 39 39 39 39 39 39 39
39 39 39 39 39 39 39 39 39 39 39 39 39 39 39 39 39 39 39 39 39 39 39 39 39 39 39 39 39 39 39 39 39 39 39 39 39 39 39 39 39 39 39 39 39 39 39 39 39 39
39 39 39 39 39 39 39 39 39 39 39 39 39 39 39 39 39 39 39 39 39 39 39 39 39 39 39 39 39 39 39 39 39 39 39 39 39 39 39 39 39 39 39 39 39 39 39 39 39 39
39 39 39 39 39 39 39 39 39 39 39 39 39 39 39 39 39 39 39 39 39 39 39 39 39 39 39 39 39 39 39 39 39 39 39 39 39 39 39 39 39 39 39 39 39 39 39 39 39 39
39 39 39 39 39 39 39 39 39 39 39 39 39 39 39 39 39 39 39 39 39 39 39 39 39 39 39 39 39 39 39 39 39 39 39 39 44 45 39 39 39 39 39 39 39 39 39 39 39 39
39 39 39 39 39 39 39 39 39 39 39 39 39 39 39 39 39 39 39 39 39 39 39 39 39 39 39 39 39 39 39 39 39 39 39 39 54 55 39 39 39 39 39 39 39 39 39 39 39 39
39 39 39 39 39 39 39 39 39 39 39  7  8  9 39 39 39 39 39 39 39 39 39 40 41 39 39 39 39 39 39 39 39 39 39 39 39 39 39 39 39 39 39 39 42 43 39 39 39 39
39 39 39 39 39 39 39 39 39 39 39 17 18 19 39 39 39 39 39 39 39 39 39 50 51 39 39 39 39 39 39 39 39 39 39 39 39 39 39 39 39 39 39 39 52 53 39 39 39 39
39 39 39 39 40 41 39 39 39 39 39 27 28 29 39 39 39 39 39 39 39 39 39 39 39 39 39 39 39 39 39 39 39 39 39 39 39 39 39 39 39 39 39 40 41 39 39 39 39 39
39 39 39 39 50 51 39 39 39 39 39 39 39 39 39 39 39 39 39 39 39 39 39 39 39 39 39 39 39 39 39 39 39 39 39 39 39 39 39 39 39 39 39 50 51 39 39 39 39 39
39 39 39 39 39 39 39 39 39 39 39 39 39 39 39 39 39 39 39 39 39 39 39 39 39 39 39 39 39 39 39 39 39 39 39 39 39 39 39 39 39 39 39 39 39 39 39 39 39 39
39 39 39 39 39 39 39 39 39 39 39 39 39 39 39 39 39 42 43 39 39 39 39 39 39 39 39 39 39 39 39 39 39 39 39 39 39 39 39 39 39 39 39 39 39 39 39 39 39 39
39 39 39 39 39 39 39 39 39 39 39 39 39 39 39 39 39 52 53 39 39 39 39 39 39 39 39 39 39 39 39 39 39 39 39 39 39 39 39 39 39 39 39 39 39 39 39 39 39 39
39 39 39 39 39 39 39 39 39 39 39 39 39 39 39 39 39 39 39 39 39 39 39 39 39 39 39 39 39 39 39 39 39 39 39 39 39 39 39 39 39 39 39 39 39 39 39 39 39 39
39 39 39 39 39 39 39 39 39 39 39 39 39 39 39 39 39 39 39 39 39 39 39 39 39 39 39 39 39 39 39 39 39 39 39 39 39 39 39 39 39 39 39 39 39 39 39 39 39 39
39 39 39 39 39 39 39 39 39 39 39 39 39 39 39 39 39 39 39 39 39 39 39 39 39 39 39 39 39 39 39 39 39 39 39 39 39 39 39 39 39 39 39 39 39 39 39 39 39 39